xc zc dwall yplus uplus tplus p vx vz rho_TL_0 T mu mut rhok_Drho rhoOm_Drho rhok_S rhoOm_S F1 F2 CDT prod vort strain prod_om dest_om eff_CDT prod_k dest_k debugField1 debugField2 
9.505131e-01 1.002327e-06 1.004098e-06 1.815925e-01 1.812723e-01 0.000000e+00 1.150566e+05 4.590460e-01 1.554164e-05 1.326379e+00 3.021860e+02 1.857250e-05 6.025630e-14 4.328712e-05 9.528486e+08 -3.863476e-04 -7.086958e+09 1.000000e+00 1.000000e+00 -3.871342e+09 1.241615e-02 4.579799e+05 4.579799e+05 1.161978e+04 7.086969e+09 -0.000000e+00 9.501845e-10 3.863486e-04 9.528486e+08 4.328712e-05 
9.505131e-01 3.021918e-06 3.022506e-06 5.466267e-01 5.465177e-01 8.371612e+04 1.150566e+05 1.383978e+00 8.115573e-06 1.326382e+00 3.021854e+02 1.857247e-05 9.171010e-12 1.203854e-03 1.741106e+08 -1.992441e-03 -2.401410e+08 1.000000e+00 1.000000e+00 -5.588486e+09 1.922588e+00 4.579787e+05 4.579787e+05 1.236286e+04 2.401533e+08 -0.000000e+00 1.538653e-07 1.992594e-03 1.741106e+08 1.203854e-03 
9.505131e-01 5.086543e-06 5.086892e-06 9.199820e-01 9.199061e-01 2.511484e+05 1.150566e+05 2.329530e+00 2.016423e-05 1.326387e+00 3.021841e+02 1.857241e-05 1.778736e-10 8.048932e-03 6.002016e+07 -4.725395e-03 -2.937036e+07 1.000000e+00 1.000000e+00 -8.694755e+09 3.728784e+01 4.579703e+05 4.579703e+05 1.267755e+04 2.938304e+07 -0.000000e+00 3.060195e-06 4.728455e-03 6.002016e+07 8.048932e-03 
9.505131e-01 7.226969e-06 7.227215e-06 1.307082e+00 1.306991e+00 5.222291e+05 1.150566e+05 3.309766e+00 2.070879e-05 1.326396e+00 3.021820e+02 1.857231e-05 1.365913e-09 2.905782e-02 2.821716e+07 -8.351034e-03 -6.764470e+06 1.000000e+00 1.000000e+00 -1.274877e+10 2.866653e+02 4.579237e+05 4.579237e+05 1.322025e+04 6.777691e+06 -0.000000e+00 2.450541e-05 8.375539e-03 2.821716e+07 2.905782e-02 
9.505131e-01 9.475093e-06 9.475280e-06 1.713686e+00 1.713484e+00 8.929719e+05 1.150565e+05 4.339151e+00 -1.885033e-05 1.326408e+00 3.021792e+02 1.857218e-05 6.486541e-09 7.694174e-02 1.573352e+07 -1.294447e-02 -2.212782e+06 1.000000e+00 1.000000e+00 -1.751789e+10 1.359008e+03 4.577500e+05 4.577500e+05 1.395587e+04 2.226738e+06 -0.000000e+00 1.228472e-04 1.306731e-02 1.573352e+07 7.694174e-02 
9.505131e-01 1.186442e-05 1.186457e-05 2.145856e+00 2.145258e+00 1.403242e+06 1.150565e+05 5.432558e+00 3.399843e-05 1.326424e+00 3.021753e+02 1.857199e-05 2.319635e-08 1.703245e-01 9.739574e+06 -1.866622e-02 -8.969278e+05 1.000000e+00 1.000000e+00 -2.280620e+10 4.848854e+03 4.572267e+05 4.572267e+05 1.488756e+04 9.118153e+05 -0.000000e+00 4.686334e-04 1.913486e-02 9.739574e+06 1.703245e-01 
9.505131e-01 1.443055e-05 1.443067e-05 2.610042e+00 2.608210e+00 2.061011e+06 1.150563e+05 6.604918e+00 1.294607e-06 1.326445e+00 3.021702e+02 1.857176e-05 6.893542e-08 3.362300e-01 6.469686e+06 -2.558232e-02 -4.181935e+05 1.000000e+00 1.000000e+00 -2.830346e+10 1.432729e+04 4.558678e+05 4.558678e+05 1.596850e+04 4.341620e+05 -0.000000e+00 1.493791e-03 2.707611e-02 6.469686e+06 3.362300e-01 
9.505131e-01 1.721173e-05 1.721183e-05 3.113179e+00 3.107866e+00 2.938037e+06 1.150561e+05 7.870225e+00 1.329764e-05 1.326471e+00 3.021635e+02 1.857144e-05 1.795049e-07 6.127238e-01 4.527790e+06 -3.340306e-02 -2.142651e+05 1.000000e+00 1.000000e+00 -3.346154e+10 3.679116e+04 4.527386e+05 4.527386e+05 1.713764e+04 2.314028e+05 -0.000000e+00 4.174477e-03 3.757753e-02 4.527790e+06 6.127238e-01 
9.505131e-01 2.024940e-05 2.024949e-05 3.662784e+00 3.648514e+00 4.058238e+06 1.150556e+05 9.239337e+00 3.341719e-05 1.326504e+00 3.021549e+02 1.857104e-05 4.214443e-07 1.050012e+00 3.304935e+06 -4.107821e-02 -1.168702e+05 1.000000e+00 1.000000e+00 -3.744672e+10 8.392988e+04 4.462648e+05 4.462648e+05 1.824962e+04 1.351198e+05 -0.000000e+00 1.043657e-02 5.151477e-02 3.304935e+06 1.050012e+00 
9.505131e-01 2.358884e-05 2.358891e-05 4.267078e+00 4.231673e+00 5.469453e+06 1.150551e+05 1.071610e+01 3.372264e-05 1.326545e+00 3.021441e+02 1.857052e-05 9.049734e-07 1.706161e+00 2.500956e+06 -4.643982e-02 -6.625352e+04 1.000000e+00 1.000000e+00 -3.930429e+10 1.706631e+05 4.342611e+05 4.342611e+05 1.905155e+04 8.530508e+04 -0.000000e+00 2.339466e-02 6.983448e-02 2.500956e+06 1.706161e+00 
9.505131e-01 2.727980e-05 2.727987e-05 4.935092e+00 4.854122e+00 7.207559e+06 1.150542e+05 1.229237e+01 4.116716e-05 1.326593e+00 3.021308e+02 1.856990e-05 1.788141e-06 2.632153e+00 1.952752e+06 -4.653247e-02 -3.838410e+04 1.000000e+00 1.000000e+00 -3.840062e+10 3.072511e+05 4.145211e+05 4.145211e+05 1.923203e+04 5.761613e+04 -0.000000e+00 4.666182e-02 9.319430e-02 1.952752e+06 2.632153e+00 
9.505131e-01 3.137729e-05 3.137735e-05 5.676839e+00 5.506565e+00 9.300462e+06 1.150533e+05 1.394458e+01 5.165001e-05 1.326653e+00 3.021148e+02 1.856914e-05 3.260328e-06 3.845651e+00 1.564826e+06 -3.930300e-02 -2.260237e+04 1.000000e+00 1.000000e+00 -3.486703e+10 4.858277e+05 3.860220e+05 3.860220e+05 1.855024e+04 4.115261e+04 -0.000000e+00 8.205894e-02 1.213619e-01 1.564826e+06 3.845651e+00 
9.505131e-01 3.594238e-05 3.594243e-05 6.503396e+00 6.174610e+00 1.176809e+07 1.150518e+05 1.563631e+01 6.713873e-05 1.326719e+00 3.020959e+02 1.856825e-05 5.505749e-06 5.307450e+00 1.278935e+06 -2.566817e-02 -1.366100e+04 1.000000e+00 1.000000e+00 -2.956906e+10 6.743322e+05 3.499648e+05 3.499648e+05 1.701325e+04 3.067426e+04 -0.000000e+00 1.270859e-01 1.527541e-01 1.278935e+06 5.307450e+00 
9.505131e-01 4.104309e-05 4.104313e-05 7.427166e+00 6.842352e+00 1.456262e+07 1.150506e+05 1.732727e+01 4.442145e-05 1.326799e+00 3.020745e+02 1.856724e-05 8.670730e-06 6.924109e+00 1.059530e+06 -9.512404e-03 -8.659574e+03 1.000000e+00 1.000000e+00 -2.361675e+10 8.309216e+05 3.095660e+05 3.095660e+05 1.489316e+04 2.355274e+04 -0.000000e+00 1.751903e-01 1.847027e-01 1.059530e+06 6.924109e+00 
9.505131e-01 4.675544e-05 4.675548e-05 8.461912e+00 7.496445e+00 1.762424e+07 1.150489e+05 1.898367e+01 9.908319e-05 1.326883e+00 3.020511e+02 1.856613e-05 1.285875e-05 8.580614e+00 8.854261e+05 4.888381e-03 -5.866313e+03 1.000000e+00 1.000000e+00 -1.791889e+10 9.279858e+05 2.686411e+05 2.686411e+05 1.257334e+04 1.843965e+04 -0.000000e+00 2.193255e-01 2.144371e-01 8.854261e+05 8.580614e+00 
9.505131e-01 5.316455e-05 5.316458e-05 9.623160e+00 8.128238e+00 2.090112e+07 1.150477e+05 2.058359e+01 8.155229e-05 1.326979e+00 3.020260e+02 1.856494e-05 1.814949e-05 1.017809e+01 7.441599e+05 1.606302e-02 -4.222933e+03 1.000000e+00 1.000000e+00 -1.305379e+10 9.650884e+05 2.305972e+05 2.305972e+05 1.040325e+04 1.462619e+04 -0.000000e+00 2.561191e-01 2.400561e-01 7.441599e+05 1.017809e+01 
9.505131e-01 6.036593e-05 6.036596e-05 1.092822e+01 8.735821e+00 2.437335e+07 1.150463e+05 2.212221e+01 1.510581e-04 1.327079e+00 3.019994e+02 1.856369e-05 2.433248e-05 1.165332e+01 6.276391e+05 2.118889e-02 -3.159045e+03 1.000000e+00 1.000000e+00 -9.264564e+09 9.445792e+05 1.970252e+05 1.970252e+05 8.539604e+03 1.169865e+04 -0.000000e+00 2.818383e-01 2.606494e-01 6.276391e+05 1.165332e+01 
9.505131e-01 6.846690e-05 6.846693e-05 1.239667e+01 9.318809e+00 2.800504e+07 1.150452e+05 2.359854e+01 9.478619e-05 1.327189e+00 3.019716e+02 1.856237e-05 3.186977e-05 1.298156e+01 5.303857e+05 2.440141e-02 -2.448999e+03 1.000000e+00 9.999997e-01 -6.443233e+09 8.950961e+05 1.675879e+05 1.675879e+05 6.954022e+03 9.403021e+03 -0.000000e+00 3.005760e-01 2.761746e-01 5.303857e+05 1.298156e+01 
9.505131e-01 7.758819e-05 7.758821e-05 1.405038e+01 9.875566e+00 3.172442e+07 1.150441e+05 2.500845e+01 1.807871e-04 1.327302e+00 3.019431e+02 1.856103e-05 4.103501e-05 1.414801e+01 4.488163e+05 2.546190e-02 -1.971459e+03 1.000000e+00 9.999970e-01 -4.382898e+09 8.258367e+05 1.418644e+05 1.418644e+05 5.613317e+03 7.584776e+03 -0.000000e+00 3.123752e-01 2.869133e-01 4.488163e+05 1.414801e+01 
9.505131e-01 8.786571e-05 8.786573e-05 1.591412e+01 1.040554e+01 3.552354e+07 1.150433e+05 2.635054e+01 1.702270e-04 1.327420e+00 3.019141e+02 1.855965e-05 5.207461e-05 1.515308e+01 3.803681e+05 2.476289e-02 -1.632766e+03 1.000000e+00 9.999970e-01 -2.925109e+09 7.466658e+05 1.197419e+05 1.197419e+05 4.507901e+03 6.140667e+03 -0.000000e+00 3.183208e-01 2.935579e-01 3.803681e+05 1.515308e+01 
9.505131e-01 9.945262e-05 9.945263e-05 1.801571e+01 1.090942e+01 3.937050e+07 1.150425e+05 2.762654e+01 2.214695e-04 1.327540e+00 3.018846e+02 1.855826e-05 6.521911e-05 1.600872e+01 3.230304e+05 2.290003e-02 -1.376813e+03 1.000000e+00 9.999996e-01 -1.925385e+09 6.655126e+05 1.010163e+05 1.010163e+05 3.617969e+03 4.994782e+03 -0.000000e+00 3.199373e-01 2.970373e-01 3.230304e+05 1.600872e+01 
9.505131e-01 1.125216e-04 1.125216e-04 2.038654e+01 1.138907e+01 4.320948e+07 1.150418e+05 2.884119e+01 2.445850e-04 1.327662e+00 3.018552e+02 1.855687e-05 8.060387e-05 1.673332e+01 2.750919e+05 2.083674e-02 -1.166336e+03 1.000000e+00 9.999999e-01 -1.258635e+09 5.884499e+05 8.544280e+04 8.544280e+04 2.920436e+03 4.086772e+03 -0.000000e+00 3.191454e-01 2.983087e-01 2.750919e+05 1.673332e+01 
9.505131e-01 1.272675e-04 1.272675e-04 2.306208e+01 1.184791e+01 4.708832e+07 1.150413e+05 3.000312e+01 2.969290e-04 1.327786e+00 3.018255e+02 1.855547e-05 9.802767e-05 1.734696e+01 2.349648e+05 1.842085e-02 -9.829883e+02 1.000000e+00 1.000000e+00 -8.233196e+08 5.171497e+05 7.263323e+04 7.263323e+04 2.381828e+03 3.364816e+03 -0.000000e+00 3.165216e-01 2.981008e-01 2.349648e+05 1.734696e+01 
9.505131e-01 1.439099e-04 1.439099e-04 2.608228e+01 1.228935e+01 5.097116e+07 1.150408e+05 3.112102e+01 3.471904e-04 1.327912e+00 3.017958e+02 1.855406e-05 1.179015e-04 1.786885e+01 2.012549e+05 1.643614e-02 -8.260483e+02 9.999997e-01 1.000000e+00 -5.401464e+08 4.535781e+05 6.202457e+04 6.202457e+04 1.960627e+03 2.786675e+03 -1.112053e-04 3.133413e-01 2.969052e-01 2.012549e+05 1.786885e+01 
9.505131e-01 1.626968e-04 1.626969e-04 2.949231e+01 1.271567e+01 5.488588e+07 1.150404e+05 3.220061e+01 3.941425e-04 1.328039e+00 3.017658e+02 1.855265e-05 1.407109e-04 1.831312e+01 1.728404e+05 1.474681e-02 -6.962204e+02 9.999998e-01 1.000000e+00 -3.544417e+08 3.972571e+05 5.313310e+04 5.313310e+04 1.624410e+03 2.320630e+03 -4.943004e-05 3.098027e-01 2.950558e-01 1.728404e+05 1.831312e+01 
9.505131e-01 1.839084e-04 1.839084e-04 3.334314e+01 1.312859e+01 5.881655e+07 1.150401e+05 3.324627e+01 4.426203e-04 1.328168e+00 3.017357e+02 1.855123e-05 1.668130e-04 1.869095e+01 1.488176e+05 1.319886e-02 -5.891927e+02 1.000000e+00 1.000000e+00 -2.323795e+08 3.474916e+05 4.564134e+04 4.564134e+04 1.353535e+03 1.942728e+03 -0.000000e+00 3.059984e-01 2.927995e-01 1.488176e+05 1.869095e+01 
9.505131e-01 2.078606e-04 2.078606e-04 3.769234e+01 1.352967e+01 6.277114e+07 1.150398e+05 3.426194e+01 5.444676e-04 1.328297e+00 3.017055e+02 1.854980e-05 1.966089e-04 1.901190e+01 1.284451e+05 1.182072e-02 -5.004579e+02 1.000000e+00 1.000000e+00 -1.521876e+08 3.037998e+05 3.930997e+04 3.930997e+04 1.134018e+03 1.634476e+03 -0.000000e+00 3.021344e-01 2.903137e-01 1.284451e+05 1.901190e+01 
9.505131e-01 2.349103e-04 2.349103e-04 4.260492e+01 1.392030e+01 6.673769e+07 1.150396e+05 3.525115e+01 6.544107e-04 1.328429e+00 3.016751e+02 1.854836e-05 2.305451e-04 1.928404e+01 1.111170e+05 1.058451e-02 -4.266523e+02 1.000000e+00 1.000000e+00 -9.948536e+07 2.656115e+05 3.394236e+04 3.394236e+04 9.549535e+02 1.381606e+03 -0.000000e+00 2.983131e-01 2.877286e-01 1.111170e+05 1.928404e+01 
9.505131e-01 2.654608e-04 2.654608e-04 4.815431e+01 1.430171e+01 7.074012e+07 1.150394e+05 3.621703e+01 7.232362e-04 1.328561e+00 3.016445e+02 1.854691e-05 2.691198e-04 1.951413e+01 9.633521e+04 9.509395e-03 -3.649268e+02 1.000000e+00 1.000000e+00 -6.482418e+07 2.322822e+05 2.937787e+04 2.937787e+04 8.080954e+02 1.173022e+03 -0.000000e+00 2.946451e-01 2.851357e-01 9.633521e+04 1.951413e+01 
9.505131e-01 2.999673e-04 2.999673e-04 5.442354e+01 1.467502e+01 7.477842e+07 1.150392e+05 3.716239e+01 8.166902e-04 1.328695e+00 3.016136e+02 1.854545e-05 3.128859e-04 1.970774e+01 8.369049e+04 8.559282e-03 -3.131599e+02 1.000000e+00 1.000000e+00 -4.201036e+07 2.032037e+05 2.548476e+04 2.548476e+04 6.868994e+02 1.000059e+03 -0.000000e+00 2.911564e-01 2.825971e-01 8.369049e+04 1.970774e+01 
9.505131e-01 3.389440e-04 3.389440e-04 6.150632e+01 1.504122e+01 7.885261e+07 1.150391e+05 3.808973e+01 1.009312e-03 1.328831e+00 3.015824e+02 1.854397e-05 3.624549e-04 1.986943e+01 7.284525e+04 7.771765e-03 -2.694778e+02 1.000000e+00 1.000000e+00 -2.699172e+07 1.779005e+05 2.215498e+04 2.215497e+04 5.864435e+02 8.559213e+02 -0.000000e+00 2.879274e-01 2.801556e-01 7.284525e+04 1.986943e+01 
9.505131e-01 3.829717e-04 3.829717e-04 6.950849e+01 1.540121e+01 8.295470e+07 1.150389e+05 3.900135e+01 1.148295e-03 1.328968e+00 3.015510e+02 1.854249e-05 4.185020e-04 2.000296e+01 6.352008e+04 7.135720e-03 -2.324897e+02 1.000000e+00 1.000000e+00 -1.710757e+07 1.558742e+05 1.929901e+04 1.929901e+04 5.027458e+02 7.352355e+02 -0.000000e+00 2.849732e-01 2.778375e-01 6.352008e+04 2.000296e+01 
9.505131e-01 4.327065e-04 4.327065e-04 7.854981e+01 1.575578e+01 8.709267e+07 1.150388e+05 3.989926e+01 1.336162e-03 1.329106e+00 3.015193e+02 1.854099e-05 4.817657e-04 2.011128e+01 5.548348e+04 6.603234e-03 -2.011293e+02 1.000000e+00 1.000000e+00 -1.060830e+07 1.366670e+05 1.684318e+04 1.684318e+04 4.326205e+02 6.337498e+02 -0.000000e+00 2.822641e-01 2.756609e-01 5.548348e+04 2.011128e+01 
9.505131e-01 4.888897e-04 4.888897e-04 8.876543e+01 1.610569e+01 9.128246e+07 1.150387e+05 4.078534e+01 1.577578e-03 1.329247e+00 3.014872e+02 1.853947e-05 5.530501e-04 2.019671e+01 4.854245e+04 6.200155e-03 -1.744083e+02 1.000000e+00 1.000000e+00 -6.347980e+06 1.199421e+05 1.472654e+04 1.472654e+04 3.736532e+02 5.480615e+02 -0.000000e+00 2.798338e-01 2.736336e-01 4.854245e+04 2.019671e+01 
9.505131e-01 5.523584e-04 5.523584e-04 1.003082e+02 1.645160e+01 9.552010e+07 1.150387e+05 4.166132e+01 1.776297e-03 1.329389e+00 3.014548e+02 1.853794e-05 6.332259e-04 2.026101e+01 4.253578e+04 5.871824e-03 -1.516324e+02 1.000000e+00 1.000000e+00 -3.569780e+06 1.053494e+05 1.289829e+04 1.289829e+04 3.238103e+02 4.754427e+02 -0.000000e+00 2.776322e-01 2.717604e-01 4.253578e+04 2.026101e+01 
9.505131e-01 6.240585e-04 6.240585e-04 1.133506e+02 1.679416e+01 9.979360e+07 1.150386e+05 4.252879e+01 2.080106e-03 1.329533e+00 3.014221e+02 1.853639e-05 7.232225e-04 2.030541e+01 3.732835e+04 5.672060e-03 -1.321043e+02 1.000000e+00 1.000000e+00 -1.772530e+06 9.260623e+04 1.131591e+04 1.131590e+04 2.815873e+02 4.136917e+02 -0.000000e+00 2.757137e-01 2.700417e-01 3.732835e+04 2.030541e+01 
9.505131e-01 7.050585e-04 7.050585e-04 1.280880e+02 1.713395e+01 1.041349e+08 1.150386e+05 4.338926e+01 2.392936e-03 1.329679e+00 3.013888e+02 1.853482e-05 8.240194e-04 2.033068e+01 3.280660e+04 5.605438e-03 -1.153164e+02 1.000000e+00 1.000000e+00 -6.258639e+05 8.148450e+04 9.944035e+03 9.944032e+03 2.457082e+02 3.610246e+02 -0.000000e+00 2.740834e-01 2.684780e-01 3.280660e+04 2.033068e+01 
9.505131e-01 7.965656e-04 7.965656e-04 1.447407e+02 1.747156e+01 1.085360e+08 1.150386e+05 4.424421e+01 2.747843e-03 1.329828e+00 3.013551e+02 1.853323e-05 9.366429e-04 2.033716e+01 2.887430e+04 5.603136e-03 -1.009064e+02 1.000000e+00 1.000000e+00 9.038345e+04 7.175445e+04 8.752692e+03 8.752688e+03 2.150715e+02 3.159779e+02 0.000000e+00 2.726680e-01 2.670649e-01 2.887430e+04 2.033716e+01 
9.505131e-01 8.999432e-04 8.999432e-04 1.635579e+02 1.780753e+01 1.130088e+08 1.150386e+05 4.509502e+01 3.203707e-03 1.329979e+00 3.013209e+02 1.853161e-05 1.062117e-03 2.032476e+01 2.545059e+04 5.696141e-03 -8.849258e+01 1.000000e+00 1.000000e+00 5.227258e+05 6.324421e+04 7.716624e+03 7.716619e+03 1.888730e+02 2.773656e+02 0.000000e+00 2.715000e-01 2.658038e-01 2.545059e+04 2.032476e+01 
9.505131e-01 1.016732e-03 1.016732e-03 1.848212e+02 1.814245e+01 1.175574e+08 1.150386e+05 4.594315e+01 3.677083e-03 1.330133e+00 3.012861e+02 1.852996e-05 1.201450e-03 2.029296e+01 2.246645e+04 5.891993e-03 -7.777718e+01 1.000000e+00 1.000000e+00 7.684854e+05 5.579267e+04 6.814686e+03 6.814681e+03 1.664261e+02 2.442033e+02 0.000000e+00 2.705857e-01 2.646938e-01 2.246645e+04 2.029296e+01 
9.505131e-01 1.148673e-03 1.148673e-03 2.088488e+02 1.847688e+01 1.221657e+08 1.150387e+05 4.679003e+01 4.301393e-03 1.330290e+00 3.012508e+02 1.852829e-05 1.355583e-03 2.024081e+01 1.986314e+04 6.190580e-03 -6.851781e+01 1.000000e+00 1.000000e+00 8.926894e+05 4.926427e+04 6.028556e+03 6.028549e+03 1.471609e+02 2.156787e+02 0.000000e+00 2.699260e-01 2.637354e-01 1.986314e+04 2.024081e+01 
9.505131e-01 1.297731e-03 1.297731e-03 2.360004e+02 1.881140e+01 1.268897e+08 1.150387e+05 4.763716e+01 4.941318e-03 1.330450e+00 3.012146e+02 1.852658e-05 1.525297e-03 2.016687e+01 1.759068e+04 6.605648e-03 -6.050589e+01 1.000000e+00 1.000000e+00 9.382989e+05 4.354361e+04 5.343026e+03 5.343020e+03 1.306148e+02 1.911207e+02 0.000000e+00 2.695385e-01 2.629329e-01 1.759068e+04 2.016687e+01 
9.505131e-01 1.466128e-03 1.466128e-03 2.666825e+02 1.914668e+01 1.317054e+08 1.150389e+05 4.848620e+01 5.731268e-03 1.330614e+00 3.011778e+02 1.852483e-05 1.711134e-03 2.006926e+01 1.560628e+04 7.096021e-03 -5.359138e+01 1.000000e+00 1.000000e+00 9.340204e+05 3.852342e+04 4.744914e+03 4.744907e+03 1.163795e+02 1.699709e+02 0.000000e+00 2.693897e-01 2.622936e-01 1.560628e+04 2.006926e+01 
9.505131e-01 1.656374e-03 1.656374e-03 3.013543e+02 1.948339e+01 1.366287e+08 1.150389e+05 4.933889e+01 6.618749e-03 1.330781e+00 3.011401e+02 1.852305e-05 1.913252e-03 1.994547e+01 1.387327e+04 7.711270e-03 -4.760815e+01 1.000000e+00 1.000000e+00 8.991036e+05 3.411724e+04 4.222984e+03 4.222975e+03 1.041557e+02 1.517639e+02 0.000000e+00 2.695387e-01 2.618275e-01 1.387327e+04 1.994547e+01 
9.505131e-01 1.871304e-03 1.871304e-03 3.405355e+02 1.982235e+01 1.416636e+08 1.150391e+05 5.019725e+01 7.713398e-03 1.330954e+00 3.011015e+02 1.852123e-05 2.131246e-03 1.979236e+01 1.236025e+04 8.448958e-03 -4.244006e+01 1.000000e+00 1.000000e+00 8.460693e+05 3.024994e+04 3.767536e+03 3.767527e+03 9.367400e+01 1.361141e+02 0.000000e+00 2.699989e-01 2.615500e-01 1.236025e+04 1.979236e+01 
9.505131e-01 2.114121e-03 2.114121e-03 3.848130e+02 2.016441e+01 1.468620e+08 1.150392e+05 5.106346e+01 8.891930e-03 1.331131e+00 3.010617e+02 1.851934e-05 2.363901e-03 1.960602e+01 1.104030e+04 9.294829e-03 -3.799272e+01 1.000000e+00 1.000000e+00 7.830419e+05 2.685522e+04 3.370485e+03 3.370474e+03 8.470879e+01 1.227015e+02 0.000000e+00 2.707756e-01 2.614807e-01 1.104030e+04 1.960602e+01 
9.505131e-01 2.388442e-03 2.388442e-03 4.348507e+02 2.051064e+01 1.522039e+08 1.150395e+05 5.194025e+01 1.028861e-02 1.331315e+00 3.010208e+02 1.851741e-05 2.608888e-03 1.938160e+01 9.890427e+03 1.023377e-02 -3.418722e+01 1.000000e+00 1.000000e+00 7.152286e+05 2.386621e+04 3.024732e+03 3.024720e+03 7.707829e+01 1.112655e+02 0.000000e+00 2.718812e-01 2.616474e-01 9.890427e+03 1.938160e+01 
9.505131e-01 2.698357e-03 2.698357e-03 4.913981e+02 2.086224e+01 1.577331e+08 1.150397e+05 5.283061e+01 1.202268e-02 1.331504e+00 3.009785e+02 1.851541e-05 2.862372e-03 1.911313e+01 8.890952e+03 1.129991e-02 -3.094468e+01 1.000000e+00 1.000000e+00 6.459221e+05 2.124217e+04 2.724337e+03 2.724323e+03 7.065008e+01 1.015948e+02 0.000000e+00 2.733813e-01 2.620814e-01 8.890952e+03 1.911313e+01 
9.505131e-01 3.048484e-03 3.048484e-03 5.553052e+02 2.122072e+01 1.634816e+08 1.150400e+05 5.373841e+01 1.395763e-02 1.331703e+00 3.009345e+02 1.851332e-05 3.118530e-03 1.879317e+01 8.025227e+03 1.246183e-02 -2.821922e+01 1.000000e+00 1.000000e+00 5.768977e+05 1.893446e+04 2.464141e+03 2.464126e+03 6.530775e+01 9.352698e+01 0.000000e+00 2.752832e-01 2.628214e-01 8.025227e+03 1.879317e+01 
9.505131e-01 3.444040e-03 3.444040e-03 6.275290e+02 2.158783e+01 1.694614e+08 1.150403e+05 5.466806e+01 1.629420e-02 1.331908e+00 3.008887e+02 1.851116e-05 3.368959e-03 1.841250e+01 7.279331e+03 1.371153e-02 -2.597080e+01 1.000000e+00 1.000000e+00 5.088857e+05 1.690082e+04 2.239922e+03 2.239905e+03 6.097628e+01 8.694708e+01 0.000000e+00 2.776226e-01 2.639111e-01 7.279331e+03 1.841250e+01 
9.505131e-01 3.890920e-03 3.890920e-03 7.091580e+02 2.196586e+01 1.757520e+08 1.150408e+05 5.562539e+01 1.906277e-02 1.332128e+00 3.008406e+02 1.850887e-05 3.602067e-03 1.795970e+01 6.641915e+03 1.493587e-02 -2.419548e+01 1.000000e+00 1.000000e+00 4.418824e+05 1.510528e+04 2.048027e+03 2.048009e+03 5.759698e+01 8.179247e+01 0.000000e+00 2.803355e-01 2.653996e-01 6.641915e+03 1.795970e+01 
9.505131e-01 4.395784e-03 4.395784e-03 8.014161e+02 2.235753e+01 1.823895e+08 1.150411e+05 5.661723e+01 2.244666e-02 1.332357e+00 3.007898e+02 1.850647e-05 3.802310e-03 1.742047e+01 6.104257e+03 1.718109e-02 -2.267664e+01 9.999999e-01 1.000000e+00 3.788775e+05 1.357077e+04 1.889403e+03 1.889380e+03 5.538724e+01 7.806388e+01 4.734591e-07 2.845177e-01 2.673366e-01 6.104257e+03 1.742047e+01 
9.505131e-01 4.966155e-03 4.966155e-03 9.056992e+02 2.276809e+01 1.894974e+08 1.150419e+05 5.765690e+01 2.641603e-02 1.332607e+00 3.007354e+02 1.850389e-05 3.919139e-03 1.676941e+01 5.657083e+03 2.048511e-02 -2.098207e+01 9.999979e-01 1.000000e+00 3.244232e+05 1.224289e+04 1.767651e+03 1.767628e+03 5.477692e+01 7.575900e+01 1.603050e-05 2.899738e-01 2.694887e-01 5.657083e+03 1.676941e+01 
9.505131e-01 5.610533e-03 5.610533e-03 1.023579e+03 2.320544e+01 1.972511e+08 1.150424e+05 5.876443e+01 3.140022e-02 1.332876e+00 3.006760e+02 1.850108e-05 3.925056e-03 1.596509e+01 5.288618e+03 2.556691e-02 -1.886420e+01 9.999113e-01 9.999999e-01 2.817520e+05 1.108390e+04 1.680679e+03 1.680648e+03 5.595354e+01 7.481841e+01 6.686806e-04 2.965953e-01 2.710284e-01 5.288618e+03 1.596509e+01 
9.505131e-01 6.338520e-03 6.338520e-03 1.156853e+03 2.367887e+01 2.058420e+08 1.150437e+05 5.996333e+01 3.755475e-02 1.333182e+00 3.006102e+02 1.849797e-05 3.808527e-03 1.494255e+01 4.983859e+03 3.248062e-02 -1.625841e+01 9.978499e-01 9.999992e-01 2.552554e+05 1.000972e+04 1.621536e+03 1.621508e+03 5.882360e+01 7.509860e+01 1.659162e-02 3.026120e-01 2.701313e-01 4.983859e+03 1.494255e+01 
9.505131e-01 7.160966e-03 7.160966e-03 1.307538e+03 2.419819e+01 2.155172e+08 1.150445e+05 6.127842e+01 4.554962e-02 1.333520e+00 3.005362e+02 1.849446e-05 3.552590e-03 1.360465e+01 4.720972e+03 4.072534e-02 -1.306427e+01 9.737336e-01 9.999843e-01 2.533719e+05 8.900730e+03 1.583150e+03 1.583107e+03 6.304712e+01 7.633868e+01 2.272977e-01 3.039928e-01 2.632675e-01 4.720972e+03 1.360465e+01 
9.505131e-01 8.090127e-03 8.090127e-03 1.477961e+03 2.477387e+01 2.265996e+08 1.150466e+05 6.273624e+01 5.539497e-02 1.333921e+00 3.004513e+02 1.849044e-05 3.155515e-03 1.182353e+01 4.468436e+03 4.758433e-02 -1.015351e+01 8.476136e-01 9.997368e-01 2.839854e+05 7.576003e+03 1.549863e+03 1.549826e+03 6.647477e+01 7.829807e+01 1.669788e+00 2.923188e-01 2.447345e-01 4.468436e+03 1.182353e+01 
9.505131e-01 9.139849e-03 9.139849e-03 1.670713e+03 2.540924e+01 2.393085e+08 1.150482e+05 6.434521e+01 6.838480e-02 1.334372e+00 3.003540e+02 1.848583e-05 2.656042e-03 9.486308e+00 4.192572e+03 4.622014e-02 -9.322351e+00 5.622590e-01 9.966176e-01 3.304222e+05 5.836750e+03 1.482484e+03 1.482424e+03 6.454716e+01 8.017456e+01 6.305051e+00 2.544294e-01 2.082093e-01 4.192572e+03 9.486308e+00 
9.505131e-01 1.032578e-02 1.032578e-02 1.888748e+03 2.608255e+01 2.534286e+08 1.150514e+05 6.605025e+01 8.334346e-02 1.334889e+00 3.002459e+02 1.848071e-05 2.076671e-03 6.624274e+00 3.885444e+03 3.864821e-02 -6.166325e+00 1.611591e-01 9.662396e-01 4.472063e+05 3.877062e+03 1.366189e+03 1.366132e+03 5.628736e+01 8.092819e+01 1.847451e+01 1.909320e-01 1.522838e-01 3.885444e+03 6.624274e+00 
9.505131e-01 1.166558e-02 1.166558e-02 2.135353e+03 2.677172e+01 2.688244e+08 1.150541e+05 6.779546e+01 1.005348e-01 1.335444e+00 3.001281e+02 1.847512e-05 1.237866e-03 3.173955e+00 3.424152e+03 4.465240e-03 1.631745e+01 1.716578e-04 7.540725e-01 9.317116e+05 1.386522e+03 1.057011e+03 1.056932e+03 3.661950e+01 7.213157e+01 5.182952e+01 7.714149e-02 7.267625e-02 3.424152e+03 3.173955e+00 
9.505131e-01 1.317923e-02 1.317923e-02 2.413859e+03 2.727340e+01 2.814337e+08 1.150571e+05 6.906588e+01 1.155176e-01 1.335909e+00 3.000316e+02 1.847055e-05 3.841333e-04 5.770167e-01 2.006704e+03 -2.784657e-03 3.896550e+01 7.439613e-08 3.862595e-01 9.200919e+05 9.491422e+01 4.979070e+02 4.978040e+02 9.129288e+00 2.799802e+01 5.783424e+01 5.966094e-03 8.750751e-03 2.006704e+03 5.770167e-01 
9.505131e-01 1.488928e-02 1.488928e-02 2.727515e+03 2.740542e+01 2.850972e+08 1.150570e+05 6.940017e+01 1.205869e-01 1.336033e+00 3.000035e+02 1.846922e-05 4.813325e-05 2.732049e-02 7.583338e+02 -1.432566e-04 8.875028e+00 9.044854e-11 1.054334e-01 1.828061e+05 4.737242e-01 1.011254e+02 1.010366e+02 4.109851e-01 4.517585e+00 1.298163e+01 3.365132e-05 1.769079e-04 7.583338e+02 2.732049e-02 
9.505131e-01 1.682121e-02 1.682121e-02 3.081452e+03 2.741876e+01 2.854321e+08 1.150566e+05 6.943397e+01 1.207950e-01 1.336039e+00 3.000009e+02 1.846910e-05 1.154301e-06 5.289940e-04 6.122810e+02 -3.113483e-06 -3.252786e+00 8.376583e-09 2.462684e-03 8.939454e+02 6.579986e-05 8.160539e+00 8.067952e+00 2.641093e-03 3.327147e+00 7.172043e-02 5.176242e-09 3.118659e-06 6.122810e+02 5.289940e-04 
9.505131e-01 1.900382e-02 1.900382e-02 3.481298e+03 2.741860e+01 2.854720e+08 1.150569e+05 6.943356e+01 1.206828e-01 1.336044e+00 3.000006e+02 1.846908e-05 2.884132e-07 1.315364e-04 6.093287e+02 -8.703672e-07 -3.722515e+00 9.732958e-07 9.865572e-04 2.105193e-01 4.783808e-07 4.803689e-01 3.909932e-01 1.666741e-04 3.722700e+00 1.903794e-05 8.148700e-11 8.704487e-07 6.093287e+02 1.315364e-04 
9.505131e-01 2.146962e-02 2.146962e-02 3.932997e+03 2.741956e+01 2.854640e+08 1.150566e+05 6.943598e+01 1.206452e-01 1.336041e+00 3.000007e+02 1.846909e-05 2.338858e-07 1.066867e-04 6.094332e+02 -8.012225e-07 -4.207175e+00 3.665074e-07 6.053985e-04 -1.602502e-03 -3.363073e-07 9.729519e-02 6.622139e-02 -6.672334e-06 4.207168e+00 -1.632224e-07 -2.656897e-12 8.012198e-07 6.094332e+02 1.066867e-04 
9.505131e-01 2.425538e-02 2.425538e-02 4.443326e+03 2.741871e+01 2.854640e+08 1.150569e+05 6.943384e+01 1.205206e-01 1.336044e+00 3.000007e+02 1.846909e-05 1.166404e-07 5.320205e-05 6.093968e+02 -4.524422e-07 -4.752410e+00 1.381382e-07 3.716695e-04 -2.493387e-04 5.312257e-07 2.525204e-02 1.415478e-01 9.896336e-05 4.752509e+00 -2.926477e-08 1.970011e-11 4.524618e-07 6.093968e+02 5.320205e-05 
9.505131e-01 2.740259e-02 2.740259e-02 5.019857e+03 2.741940e+01 2.854959e+08 1.150566e+05 6.943558e+01 1.203539e-01 1.336042e+00 3.000005e+02 1.846907e-05 1.088602e-07 4.965121e-05 6.093696e+02 -4.758789e-07 -5.368645e+00 5.206239e-08 2.281718e-04 9.709926e-05 2.319781e-07 5.781278e-02 8.633790e-02 3.184818e-05 5.368677e+00 1.231015e-08 5.902749e-12 4.758848e-07 6.093696e+02 4.965121e-05 
9.505131e-01 3.095816e-02 3.095816e-02 5.671200e+03 2.741876e+01 2.854441e+08 1.150569e+05 6.943395e+01 1.202253e-01 1.336043e+00 3.000009e+02 1.846909e-05 1.307037e-07 5.961470e-05 6.093771e+02 -6.445297e-07 -6.065230e+00 1.961707e-08 1.400609e-04 2.611183e-04 2.293807e-07 3.713221e-02 9.073661e-02 2.026849e-04 6.065433e+00 3.840035e-08 4.503684e-11 6.445748e-07 6.093771e+02 5.961470e-05 
9.505131e-01 3.497509e-02 3.497509e-02 6.407051e+03 2.741940e+01 2.854720e+08 1.150566e+05 6.943557e+01 1.200281e-01 1.336041e+00 3.000006e+02 1.846908e-05 1.336816e-07 6.097460e-05 6.093928e+02 -7.450507e-07 -6.852503e+00 7.391319e-09 8.597278e-05 9.233676e-05 2.711272e-07 2.431113e-03 1.073769e-01 2.828920e-04 6.852786e+00 1.545035e-08 6.431496e-11 7.451150e-07 6.093928e+02 6.097460e-05 
9.505131e-01 3.951322e-02 3.951322e-02 7.238390e+03 2.741864e+01 2.854321e+08 1.150569e+05 6.943367e+01 1.198508e-01 1.336043e+00 3.000009e+02 1.846910e-05 1.329592e-07 6.064440e-05 6.093866e+02 -8.372828e-07 -7.741453e+00 2.785288e-09 5.277582e-05 8.399207e-05 1.379169e-07 5.398311e-03 9.809655e-02 3.514395e-04 7.741805e+00 1.590280e-08 7.947983e-11 8.373623e-07 6.093866e+02 6.064440e-05 
9.505131e-01 4.464019e-02 4.464019e-02 8.177592e+03 2.741929e+01 2.854799e+08 1.150566e+05 6.943530e+01 1.196435e-01 1.336041e+00 3.000006e+02 1.846908e-05 1.325264e-07 6.044858e-05 6.094014e+02 -9.430818e-07 -8.746453e+00 1.049445e-09 4.033686e-05 6.434019e-05 1.923809e-07 4.621698e-03 1.002221e-01 2.938739e-04 8.746747e+00 1.373005e-08 6.625665e-11 9.431480e-07 6.094014e+02 6.044858e-05 
9.505131e-01 5.043240e-02 5.043240e-02 9.238667e+03 2.741849e+01 2.854401e+08 1.150569e+05 6.943328e+01 1.194232e-01 1.336043e+00 3.000009e+02 1.846909e-05 1.315945e-07 6.002293e-05 6.093965e+02 -1.057925e-06 -9.881413e+00 3.954608e-10 3.138145e-05 7.836217e-05 2.641782e-07 2.337121e-02 1.111161e-01 1.025477e-04 9.881516e+00 1.883112e-08 2.295628e-11 1.057948e-06 6.093965e+02 6.002293e-05 
9.505131e-01 5.697616e-02 5.697616e-02 1.043740e+04 2.741904e+01 2.854520e+08 1.150566e+05 6.943467e+01 1.191340e-01 1.336041e+00 3.000008e+02 1.846909e-05 1.320450e-07 6.022974e-05 6.094087e+02 -1.199260e-06 -1.116376e+01 1.490058e-10 2.467075e-05 7.982963e-05 3.966304e-07 1.404633e-02 1.029365e-01 3.397633e-04 1.116410e+01 2.168963e-08 7.631831e-11 1.199336e-06 6.094087e+02 6.022974e-05 
9.505131e-01 6.436900e-02 6.436900e-02 1.179172e+04 2.741827e+01 2.854680e+08 1.150569e+05 6.943274e+01 1.188107e-01 1.336044e+00 3.000007e+02 1.846908e-05 1.318877e-07 6.015751e-05 6.094058e+02 -1.353225e-06 -1.261223e+01 5.614837e-11 1.930626e-05 7.835474e-05 3.122775e-07 2.664559e-03 8.763850e-02 3.662493e-04 1.261260e+01 2.403917e-08 8.216826e-11 1.353308e-06 6.094058e+02 6.015751e-05 
9.505131e-01 7.272109e-02 7.272109e-02 1.332170e+04 2.741889e+01 2.854480e+08 1.150567e+05 6.943429e+01 1.185018e-01 1.336041e+00 3.000008e+02 1.846909e-05 1.320185e-07 6.021923e-05 6.094253e+02 -1.530409e-06 -1.424958e+01 2.115523e-11 1.514079e-05 8.128472e-05 2.428056e-07 6.424540e-03 7.777944e-02 4.280809e-04 1.425000e+01 2.820495e-08 9.613482e-11 1.530505e-06 6.094253e+02 6.021923e-05 
9.505131e-01 8.215687e-02 8.215687e-02 1.505026e+04 2.741819e+01 2.854480e+08 1.150569e+05 6.943252e+01 1.181386e-01 1.336044e+00 3.000008e+02 1.846909e-05 1.320395e-07 6.022864e-05 6.094246e+02 -1.729383e-06 -1.609884e+01 8.797931e-12 1.186452e-05 7.803959e-05 -8.086090e-09 1.560963e-02 8.199681e-02 1.317365e-04 1.609897e+01 3.058832e-08 2.958978e-11 1.729412e-06 6.094246e+02 6.022864e-05 
9.505131e-01 9.281699e-02 9.281699e-02 1.700304e+04 2.741863e+01 2.854361e+08 1.150568e+05 6.943364e+01 1.178424e-01 1.336042e+00 3.000009e+02 1.846910e-05 1.319590e-07 6.019408e-05 6.094454e+02 -1.952645e-06 -1.818868e+01 5.393716e-12 9.289750e-06 7.885780e-05 2.144435e-07 9.290935e-03 6.525836e-02 4.046349e-04 1.818908e+01 3.490097e-08 9.083038e-11 1.952736e-06 6.094454e+02 6.019408e-05 
9.505131e-01 1.048603e-01 1.048603e-01 1.920927e+04 2.741814e+01 2.854361e+08 1.150569e+05 6.943240e+01 1.173898e-01 1.336043e+00 3.000009e+02 1.846910e-05 1.319880e-07 6.020735e-05 6.094464e+02 -2.206544e-06 -2.054907e+01 3.312396e-12 7.279995e-06 7.936046e-05 1.069963e-07 1.127625e-02 7.241543e-02 1.968829e-04 2.054927e+01 3.968771e-08 4.420468e-11 2.206588e-06 6.094464e+02 6.020735e-05 
9.505131e-01 1.184663e-01 1.184663e-01 2.170173e+04 2.741838e+01 2.854480e+08 1.150568e+05 6.943301e+01 1.170229e-01 1.336043e+00 3.000008e+02 1.846909e-05 1.319951e-07 6.021286e-05 6.094694e+02 -2.493181e-06 -2.321714e+01 2.033396e-12 5.703887e-06 7.912944e-05 1.853823e-08 1.718119e-02 5.255323e-02 1.984715e-04 2.321734e+01 4.471063e-08 4.456382e-11 2.493226e-06 6.094694e+02 6.021286e-05 
9.505131e-01 1.338377e-01 1.338377e-01 2.451759e+04 2.741819e+01 2.854281e+08 1.150569e+05 6.943253e+01 1.166328e-01 1.336043e+00 3.000010e+02 1.846910e-05 1.319894e-07 6.021100e-05 6.094768e+02 -2.816719e-06 -2.623068e+01 1.248072e-12 4.468685e-06 7.908180e-05 -8.242830e-08 6.360751e-03 5.690144e-02 -1.613782e-04 2.623052e+01 5.048019e-08 -3.623356e-11 2.816683e-06 6.094768e+02 6.021100e-05 
9.505131e-01 1.512035e-01 1.512035e-01 2.769883e+04 2.741831e+01 2.854401e+08 1.150569e+05 6.943283e+01 1.161626e-01 1.336043e+00 3.000009e+02 1.846909e-05 1.319893e-07 6.021347e-05 6.095024e+02 -3.182366e-06 -2.963626e+01 7.660690e-13 3.501015e-06 7.913757e-05 4.283766e-08 1.745077e-02 5.353871e-02 2.287435e-04 2.963649e+01 5.706997e-08 5.135873e-11 3.182418e-06 6.095024e+02 6.021347e-05 
9.505131e-01 1.708227e-01 1.708227e-01 3.129287e+04 2.741828e+01 2.854480e+08 1.150569e+05 6.943276e+01 1.156320e-01 1.336044e+00 3.000008e+02 1.846909e-05 1.319891e-07 6.021492e-05 6.095184e+02 -3.595572e-06 -3.348389e+01 4.702282e-13 2.742928e-06 7.913195e-05 -5.640106e-08 4.260459e-03 5.427442e-02 -1.872155e-04 3.348370e+01 6.447043e-08 -4.203455e-11 3.595530e-06 6.095184e+02 6.021492e-05 
9.505131e-01 1.929875e-01 1.929875e-01 3.535320e+04 2.741821e+01 2.854361e+08 1.150569e+05 6.943259e+01 1.151011e-01 1.336043e+00 3.000009e+02 1.846910e-05 1.319883e-07 6.021696e-05 6.095423e+02 -4.062442e-06 -3.783165e+01 2.886263e-13 2.148958e-06 7.914643e-05 -6.072082e-08 5.475172e-03 5.193126e-02 -3.884016e-04 3.783126e+01 7.284892e-08 -8.720540e-11 4.062355e-06 6.095423e+02 6.021696e-05 
9.505131e-01 2.180282e-01 2.180282e-01 3.994043e+04 2.741824e+01 2.854480e+08 1.150569e+05 6.943264e+01 1.144595e-01 1.336044e+00 3.000008e+02 1.846909e-05 1.319875e-07 6.021892e-05 6.095661e+02 -4.589859e-06 -4.274366e+01 1.771586e-13 1.683608e-06 7.915546e-05 -6.653568e-08 9.637879e-03 5.196340e-02 -2.981227e-04 4.274336e+01 8.231097e-08 -6.693519e-11 4.589792e-06 6.095661e+02 6.021892e-05 
9.505131e-01 2.463180e-01 2.463180e-01 4.512284e+04 2.741828e+01 2.854560e+08 1.150569e+05 6.943277e+01 1.137511e-01 1.336044e+00 3.000008e+02 1.846909e-05 1.319873e-07 6.022182e-05 6.095968e+02 -5.185935e-06 -4.829472e+01 1.087382e-13 1.319019e-06 7.916698e-05 -8.328357e-08 1.078374e-02 5.124145e-02 -4.088806e-04 4.829431e+01 9.300449e-08 -9.180263e-11 5.185842e-06 6.095968e+02 6.022182e-05 
9.505131e-01 2.782786e-01 2.782786e-01 5.097766e+04 2.741839e+01 2.854480e+08 1.150570e+05 6.943303e+01 1.129649e-01 1.336044e+00 3.000008e+02 1.846909e-05 1.319860e-07 6.022464e-05 6.096313e+02 -5.859402e-06 -5.456717e+01 6.674059e-14 1.033368e-06 7.917614e-05 -3.930495e-08 2.752613e-03 4.986405e-02 -3.098786e-04 5.456686e+01 1.050842e-07 -6.957381e-11 5.859332e-06 6.096313e+02 6.022464e-05 
9.505131e-01 3.143862e-01 3.143862e-01 5.759216e+04 2.741831e+01 2.854401e+08 1.150570e+05 6.943284e+01 1.120795e-01 1.336044e+00 3.000009e+02 1.846909e-05 1.319851e-07 6.022758e-05 6.096649e+02 -6.620332e-06 -6.165406e+01 4.096397e-14 8.095823e-07 7.919040e-05 -2.708907e-08 3.093672e-03 4.905246e-02 -2.102427e-04 6.165385e+01 1.187406e-07 -4.720331e-11 6.620284e-06 6.096649e+02 6.022758e-05 
9.505131e-01 3.551788e-01 3.551788e-01 6.506495e+04 2.741849e+01 2.854520e+08 1.150569e+05 6.943329e+01 1.111038e-01 1.336044e+00 3.000008e+02 1.846909e-05 1.319838e-07 6.023111e-05 6.097067e+02 -7.480357e-06 -6.966372e+01 2.514198e-14 6.342490e-07 7.920551e-05 -5.921993e-08 1.076175e-02 5.099735e-02 -5.317800e-04 6.966319e+01 1.341734e-07 -1.193931e-10 7.480238e-06 6.097067e+02 6.023111e-05 
9.505131e-01 4.012643e-01 4.012643e-01 7.350728e+04 2.741877e+01 2.854441e+08 1.150569e+05 6.943401e+01 1.100290e-01 1.336043e+00 3.000009e+02 1.846909e-05 1.319826e-07 6.023519e-05 6.097534e+02 -8.452104e-06 -7.871451e+01 1.543090e-14 4.968848e-07 7.921988e-05 -4.982178e-08 3.740999e-03 4.869820e-02 -2.984870e-04 7.871421e+01 1.516103e-07 -6.701451e-11 8.452037e-06 6.097534e+02 6.023519e-05 
9.505131e-01 4.533297e-01 4.533297e-01 8.304510e+04 2.741883e+01 2.854520e+08 1.150569e+05 6.943417e+01 1.088654e-01 1.336043e+00 3.000008e+02 1.846909e-05 1.319812e-07 6.023898e-05 6.097980e+02 -9.550163e-06 -8.894134e+01 9.470752e-15 3.892712e-07 7.923739e-05 -8.451070e-08 1.485697e-03 4.692054e-02 -6.378610e-04 8.894070e+01 1.713199e-07 -1.432072e-10 9.550020e-06 6.097980e+02 6.023898e-05 
9.505131e-01 5.121507e-01 5.121507e-01 9.382055e+04 2.741910e+01 2.854799e+08 1.150568e+05 6.943484e+01 1.076798e-01 1.336044e+00 3.000006e+02 1.846908e-05 1.319798e-07 6.024358e-05 6.098511e+02 -1.079106e-05 -1.004992e+02 5.812526e-15 3.049597e-07 7.925449e-05 -5.505763e-08 2.528662e-04 4.631117e-02 -5.481777e-04 1.004986e+02 1.935911e-07 -1.230709e-10 1.079094e-05 6.098511e+02 6.024358e-05 
9.505131e-01 5.786039e-01 5.786039e-01 1.059940e+05 2.741943e+01 2.854760e+08 1.150567e+05 6.943568e+01 1.064595e-01 1.336043e+00 3.000006e+02 1.846908e-05 1.319785e-07 6.024879e-05 6.099097e+02 -1.219347e-05 -1.135609e+02 3.567293e-15 2.389073e-07 7.927544e-05 -6.919822e-08 1.936452e-04 4.590362e-02 -7.585641e-04 1.135602e+02 2.187676e-07 -1.703030e-10 1.219329e-05 6.099097e+02 6.024879e-05 
9.505131e-01 6.536796e-01 6.536796e-01 1.197470e+05 2.741993e+01 2.855078e+08 1.150566e+05 6.943694e+01 1.052881e-01 1.336042e+00 3.000004e+02 1.846907e-05 1.319765e-07 6.025406e-05 6.099718e+02 -1.377824e-05 -1.283222e+02 2.189292e-15 1.871595e-07 7.929442e-05 -5.227048e-08 3.705658e-04 4.531810e-02 -9.274628e-04 1.283212e+02 2.472129e-07 -2.082190e-10 1.377803e-05 6.099718e+02 6.025406e-05 
9.505131e-01 7.384966e-01 7.384966e-01 1.352844e+05 2.742051e+01 2.855039e+08 1.150564e+05 6.943843e+01 1.042204e-01 1.336040e+00 3.000004e+02 1.846907e-05 1.319753e-07 6.026132e-05 6.100500e+02 -1.556981e-05 -1.450090e+02 1.343543e-15 1.466175e-07 7.932130e-05 -2.860048e-08 7.636268e-04 4.564481e-02 -8.897845e-04 1.450081e+02 2.793840e-07 -1.997586e-10 1.556961e-05 6.100500e+02 6.026132e-05 
9.505131e-01 8.343189e-01 8.343189e-01 1.528378e+05 2.742136e+01 2.855158e+08 1.150562e+05 6.944057e+01 1.035048e-01 1.336038e+00 3.000003e+02 1.846907e-05 1.319727e-07 6.026674e-05 6.101161e+02 -1.759357e-05 -1.638600e+02 8.245309e-16 1.148586e-07 7.933973e-05 -2.428399e-08 5.886070e-04 4.592497e-02 -1.241197e-03 1.638588e+02 3.157081e-07 -2.786462e-10 1.759329e-05 6.101161e+02 6.026674e-05 
9.505131e-01 9.425745e-01 9.425745e-01 1.726689e+05 2.742229e+01 2.855397e+08 1.150560e+05 6.944292e+01 1.031621e-01 1.336036e+00 3.000001e+02 1.846906e-05 1.319728e-07 6.027884e-05 6.102372e+02 -1.988381e-05 -1.851924e+02 5.059435e-16 8.997276e-08 1.115893e-02 5.305977e-08 1.246790e-02 3.363630e-02 7.717054e-04 1.851932e+02 5.016506e-05 1.732467e-10 1.988398e-05 6.102372e+02 6.027884e-05 
